39.93333333333333 2.933333333333333 46.666666666666664 9.6
49.0 52.46666666666667 55.733333333333334 59.13333333333333
9.2 14.266666666666667 15.933333333333334 20.933333333333334
53.666666666666664 16.066666666666666 60.4 22.733333333333334
8.2 43.6 14.933333333333334 50.266666666666666
29.4 58.333333333333336 36.13333333333333 65.0
50.8 28.4 57.53333333333333 35.06666666666667
41.333333333333336 15.866666666666667 48.06666666666667 22.533333333333335
9.666666666666666 24.333333333333332 16.4 31.0
32.2 13.866666666666667 45.6 20.533333333333335
41.06666666666667 25.666666666666668 54.46666666666667 32.333333333333336
